lineStyle(1.38,0x0,img);
moveto(246.1,196.38,img);
const int s460[]={246.1,196.38,249.65,197.21,252.84,200.64,254.28,203.99,257.08,204.89,257.94,208.07,260.15,209.99,265.36,214.53,271.81,217.93,278.78,215.23,280.86,212.54,283.66,211,285.16,207.78,288.73,200.08,285.8,188.38,281.81,181.42,283.18,172.85,284.09,164.74,280.54,157.99,279.07,155.19,278.07,154.44,275.04,152.62,272.82,151.29,270.65,149.72,266.64,150.67,266.73,150.65,261.32,153.54,260.15,155.1,259.47,156,258.76,157.1,258.18,158.07,255.72,162.15,252.74,168.42,251.18,174.78,250.57,177.23,250.64,180.33,250.05,182.54,248.77,187.29,246.47,191.32,245.87,194.85,246,195.27,246.05,195.82,246.1,196.38};
drawbezier(43,s460,img);lineStyle(0,0,img);
lineStyle(1.79,0x0,img);
moveto(153.22,271.47,img);
const int s461[]={153.22,271.47,150.58,266.14,149.72,259.52,150.26,253.68};
drawbezier(4,s461,img);lineStyle(0,0,img);
lineStyle(1.62,0x0,img);
moveto(150.26,253.68,img);
const int s462[]={150.26,253.68,148.6,238.6,150.33,223.56,154.01,209.02,154.3,207.9,154.05,206.51,154.37,205.43,154.7,204.29,155.71,203.31,156.05,202.17,156.31,201.31,156.12,200.31,156.34,199.5,158.76,190.82,162.85,181.67,166.83,173.43,167.41,172.25,167.72,171.15,168.18,169.84,168.97,167.61,170.38,166.94,171.77,164.54,173.82,160.99,175.49,157.85,177.69,154.65,180.91,149.96,183.68,145.57,188.3,141.55};
drawbezier(28,s462,img);lineStyle(0,0,img);
lineStyle(1.48,0x0,img);
moveto(188.3,141.55,img);
const int s463[]={188.3,141.55,190.8,137.53,194.44,134.44,196.96,130.45,200.72,129.94,201.8,125.64,205.59,125.24};
drawbezier(7,s463,img);lineStyle(0,0,img);
lineStyle(1.4,0x0,img);
moveto(205.59,125.24,img);
const int s464[]={205.59,125.24,206.58,123.38,208.76,121.91,210.86,121.95};
drawbezier(4,s464,img);lineStyle(0,0,img);
lineStyle(1.39,0x0,img);
moveto(229.55,112.89,img);
const int s465[]={229.55,112.89,229.6,112.73,229.66,112.56,229.71,112.39,231.35,110.56,234.04,111.06,238.04,110.27,243.95,109.09,249.79,107.8,255.67,109.75,255.73,109.76,258.69,110.22,260.92,112.4};
drawbezier(13,s465,img);lineStyle(0,0,img);
lineStyle(1.36,0x0,img);
moveto(260.92,112.4,img);
const int s466[]={260.92,112.4,262.72,112.72,263.41,113.16,264.13,114.13,267.31,115.08,270.52,116.99,272.04,120.06,275.3,121.25,276.94,124.39,278.95,126.97,279.64,127.87,280.8,128.49,281.43,129.43,282.94,131.69,284.31,134.5,284.63,137.1};
drawbezier(16,s466,img);lineStyle(0,0,img);
lineStyle(1.57,0x0,img);
moveto(153.22,271.47,img);
const int s467[]={153.22,271.47,152.5,276.83,155.61,282.34,157.95,287.49,160.61,293.34,162.77,299.22,168.04,303.08};
drawbezier(7,s467,img);lineStyle(0,0,img);
lineStyle(1.59,0x0,img);
moveto(168.04,303.08,img);
const int s468[]={168.04,303.08,172.65,292.1,186.85,296.26,196.31,293.11,197.54,294.97,198.24,296.59,199.43,298.38,205.38,307.31,217.52,318.63,213.99,329.27};
drawbezier(10,s468,img);lineStyle(0,0,img);
lineStyle(1.57,0x0,img);
moveto(213.99,329.27,img);
const int s469[]={213.99,329.27,214.2,329.38,214.41,329.5,214.63,329.61,219.88,329.74,225.27,330.11,230.15,328.62,230.69,328.46,231.09,327.71,231.65,327.53,232.67,327.19,233.91,327.41,234.68,327.13,235.01,327.01,235.12,326.19,235.47,326.05,236.24,325.72,237.28,325.94,238.04,325.66,238.97,325.32,239.58,324.42,240.39,324.05,242.21,323.23,244.5,323.13,244.82,321.59,245.63,321.42,246.76,321.38,247.3,321.13,249.69,318.39,253.33,316.81,256.21,314.25,259.71,311.14,262.27,307.45,265.37,303.14,266.54,301.52,269.91,296.99,271.57,293.97,273.46,290.52,275.96,287.14,277.5,284.1,277.87,283.37,277.72,282.31,278.01,281.65,282.36,271.49,287.94,261.45,289.24,249.4};
drawbezier(46,s469,img);lineStyle(0,0,img);
lineStyle(1.47,0x0,img);
moveto(289.24,249.4,img);
const int s470[]={289.24,249.4,287.47,245.79,288.78,235.97,289.73,230.13,290.02,228.31,290.88,224.67,292.33,222.85,292.47,221.67,292.45,220.34,292.83,219.4,293.45,219.02,294.08,218.78,294.76,218.61};
drawbezier(13,s470,img);lineStyle(0,0,img);
lineStyle(1.7,0x0,img);
moveto(294.76,218.61,img);
const int s471[]={294.76,218.61,294.92,218.12,295.36,217.42,295.78,216.74,297.04,191.3,297.41,164.53,287.09,141.11,286.65,140.61,285.99,139.94,285.41,139.44,285.24,138.88,284.96,137.94,284.63,137.1};
drawbezier(13,s471,img);lineStyle(0,0,img);
lineStyle(1.6,0x0,img);
moveto(229.55,112.89,img);
const int s472[]={229.55,112.89,227.67,111.86,226.19,113.71,225.72,113.91,222.93,115.11,219.67,115.84,216.74,117.63,216.38,117.85,216.28,118.44,215.94,118.65,214.84,119.3,213.37,118.91,210.86,121.95};
drawbezier(13,s472,img);lineStyle(0,0,img);
lineStyle(1.55,0x0,img);
moveto(188.3,141.55,img);
const int s473[]={188.3,141.55,188.66,145,189.6,148.69,193.19,150.26,196.03,150.34,198.91,150.74,201.49,150.44,202.26,150.35,202.99,149.3,203.72,149.13,210.13,147.64,216.53,149.46,223.08,147.67,223.78,147.06,224.42,146.38,225.12,145.76,225.19,143.46,227.6,141.56,229.09,138.87,229.5,138.14,229.22,137.07,229.59,136.4,231.02,133.84,233.16,131.68,234.04,128.99,235.79,123.59,237.95,116.41,229.99,113.84,229.86,113.53,229.7,113.21,229.55,112.89};
drawbezier(31,s473,img);lineStyle(0,0,img);
lineStyle(1.5,0x0,img);
moveto(168.04,303.08,img);
const int s474[]={168.04,303.08,170.8,310.43,175.45,314.58,182.59,319.17,184,320.07,184.35,321.51,186.09,322.59,188.73,324.23,191.98,325,194.42,326.11,194.79,326.28,194.84,326.98,195.23,327.12,196.3,327.47,198.2,327.32,198.88,327.52,199.06,327.57,199.07,328.23,199.29,328.3,203.93,329.92,209.33,330.12,213.99,329.27};
drawbezier(22,s474,img);lineStyle(0,0,img);
lineStyle(1.75,0x0,img);
moveto(205.59,125.24,img);
const int s475[]={205.59,125.24,206.99,125.71,208.16,125.71,208.99,125.57,209.7,124.43,211.22,123.47,210.86,121.95};
drawbezier(7,s475,img);lineStyle(0,0,img);
lineStyle(1.67,0x0,img);
moveto(289.24,249.4,img);
const int s476[]={289.24,249.4,289.37,249.37,289.5,249.33,289.63,249.3,292.99,239.9,294.67,228.92,294.76,218.61};
drawbezier(7,s476,img);lineStyle(0,0,img);
lineStyle(1.53,0x0,img);
moveto(153.22,271.47,img);
const int s477[]={153.22,271.47,154.97,268.57,154.65,265.44,153.9,261.9,153.77,261.25,152.72,256.16,152.1,254.81,151.88,254.33,150.87,254.16,150.26,253.68};
drawbezier(10,s477,img);lineStyle(0,0,img);
lineStyle(1.43,0x0,img);
moveto(260.92,112.4,img);
const int s478[]={260.92,112.4,258.96,119.09,266.74,122.34,271.5,124.54,276.03,128.59,279.88,133.36,284.63,137.1};
drawbezier(7,s478,img);lineStyle(0,0,img);
lineStyle(1.48,0x0,img);
moveto(170.02,242.82,img);
const int s479[]={170.02,242.82,167.42,239.86,168.51,234.91,168.54,230.96,168.65,217.26,171.33,205.62,177.23,195.68,179.13,192.47,182,190.21,185.09,187.73,192.04,185.94,199.03,188.38,202,194.87,203.88,198.96,202.62,203.11,202.37,207.47,204.36,208.38,206.04,209.54,208.02,210.75,211.05,215.15,213.42,217.83,212.5,227.01,211.9,233.06,209.13,238.63,203.84,243.05,201.4,245.09,197.53,247.7,194.51,248.54,188.21,250.29,182.28,248.26,175.9,246.82,174.02,245.34,172.33,243.71,170.02,242.82};
drawbezier(34,s479,img);lineStyle(0,0,img);
lineStyle(1.37,0x0,img);
moveto(228.81,274.93,img);
const int s480[]={228.81,274.93,226.03,266.07,229.2,256.49,235.47,249.97,239.12,248.56,243.8,246.39,248.75,248.07,251.2,248.9,252.44,251.58,255.48,252.32,260.36,248.97,265.32,246.47,270,249.54,273.86,252.06,275.11,258.51,274.75,264.56,274.45,269.47,271.76,276.34,268.74,281.27,267.61,283.12,266.54,285.01,264.94,287.35,263.46,289.53,262.85,291.18,260.7,292.99,260.05,293.54,258.85,293.86,258.24,294.48,257.24,295.49,256.68,297.2,255.74,297.91,253.58,299.53,250.7,300.77,249.05,301.08,245.77,299.56,244.14,297.12,241.37,293.98,240.18,292.65,238.76,291.9,237.72,290.71,237.13,290.02,236.95,288.75,236.42,288.06,235.28,286.56,233.22,285.27,232.49,284.1,230.67,281.2,229.58,278.24,228.81,274.93};
drawbezier(49,s480,img);lineStyle(0,0,img);
